11.09.2025	949,62	949,62	949,62	949,62	0
10.09.2025	948,72	948,72	948,72	948,72	0
09.09.2025	950,77	950,77	950,77	950,77	0
08.09.2025	953,84	953,84	953,84	953,84	0
05.09.2025	972,32	972,32	972,32	972,32	0
04.09.2025	971,65	971,65	971,65	971,65	0
03.09.2025	972,86	972,86	972,86	972,86	0
02.09.2025	955,62	955,62	955,62	955,62	0
01.09.2025	968,03	968,03	968,03	968,03	0
29.08.2025	967,37	967,37	967,37	967,37	0
28.08.2025	969,50	969,50	969,50	969,50	0
27.08.2025	960,57	960,57	960,57	960,57	0
26.08.2025	947,58	947,58	947,58	947,58	0
25.08.2025	940,50	940,50	940,50	940,50	0
22.08.2025	945,98	945,98	945,98	945,98	0
21.08.2025	943,54	943,54	943,54	943,54	0
20.08.2025	943,76	943,76	943,76	943,76	0
19.08.2025	943,93	943,93	943,93	943,93	0
18.08.2025	942,07	942,07	942,07	942,07	0
15.08.2025	944,37	944,37	944,37	944,37	0
14.08.2025	940,93	940,93	940,93	940,93	0
13.08.2025	942,51	942,51	942,51	942,51	0
12.08.2025	943,90	943,90	943,90	943,90	0
11.08.2025	942,39	942,39	942,39	942,39	0
08.08.2025	941,32	941,32	941,32	941,32	0
07.08.2025	941,59	941,59	941,59	941,59	0
06.08.2025	946,01	946,01	946,01	946,01	0
05.08.2025	946,28	946,28	946,28	946,28	0
04.08.2025	945,55	945,55	945,55	945,55	0
01.08.2025	953,53	953,53	953,53	953,53	0
31.07.2025	954,11	954,11	954,11	954,11	0
30.07.2025	948,44	948,44	948,44	948,44	0
29.07.2025	948,61	948,61	948,61	948,61	533
28.07.2025	935,32	935,32	935,32	935,32	0
25.07.2025	934,33	934,33	934,33	934,33	0
24.07.2025	932,58	932,58	932,58	932,58	0
23.07.2025	933,88	933,88	933,88	933,88	0
22.07.2025	938,01	938,01	938,01	938,01	0
21.07.2025	943,62	943,62	943,62	943,62	0
18.07.2025	945,19	945,19	945,19	945,19	0
17.07.2025	942,90	942,90	942,90	942,90	0
16.07.2025	937,55	937,55	937,55	937,55	0
15.07.2025	935,64	935,64	935,64	935,64	0
14.07.2025	935,23	935,23	935,23	935,23	0
11.07.2025	934,70	934,70	934,70	934,70	0
10.07.2025	933,71	933,71	933,71	933,71	0
09.07.2025	933,48	933,48	933,48	933,48	0
08.07.2025	934,51	934,51	934,51	934,51	0
07.07.2025	931,58	931,58	931,58	931,58	0
04.07.2025	931,58	931,58	931,58	931,58	0
03.07.2025	929,21	929,21	929,21	929,21	0
02.07.2025	931,11	931,11	931,11	931,11	0
01.07.2025	932,02	932,02	932,02	932,02	0
30.06.2025	934,69	934,69	934,69	934,69	0
27.06.2025	935,70	935,70	935,70	935,70	0
26.06.2025	940,21	940,21	940,21	940,21	0
25.06.2025	940,21	940,21	940,21	940,21	0
24.06.2025	941,73	941,73	941,73	941,73	0
23.06.2025	944,37	944,37	944,37	944,37	0
20.06.2025	942,36	942,36	942,36	942,36	0
19.06.2025	943,00	943,00	943,00	943,00	0
18.06.2025	942,99	942,99	942,99	942,99	0
17.06.2025	938,87	938,87	938,87	938,87	0
16.06.2025	939,58	939,58	939,58	939,58	0
13.06.2025	937,22	937,22	937,22	937,22	0
12.06.2025	943,71	943,71	943,71	943,71	0
11.06.2025	947,16	947,16	947,16	947,16	0
10.06.2025	947,43	947,43	947,43	947,43	0
09.06.2025	948,07	948,07	948,07	948,07	0
06.06.2025	944,85	944,85	944,85	944,85	0
05.06.2025	946,68	946,68	946,68	946,68	0
04.06.2025	949,80	949,80	949,80	949,80	0
03.06.2025	945,18	945,18	945,18	945,18	0
02.06.2025	952,09	952,09	952,09	952,09	0
30.05.2025	951,36	951,36	951,36	951,36	0
29.05.2025	955,78	955,78	955,78	955,78	0
28.05.2025	949,80	949,80	949,80	949,80	0
27.05.2025	949,80	949,80	949,80	949,80	0
26.05.2025	949,79	949,79	949,79	949,79	0
23.05.2025	954,92	954,92	954,92	954,92	0
22.05.2025	952,06	952,06	952,06	952,06	0
21.05.2025	954,81	954,81	954,81	954,81	0
20.05.2025	957,06	957,06	957,06	957,06	0
19.05.2025	961,44	961,44	961,44	961,44	0
16.05.2025	959,66	959,66	959,66	959,66	0
15.05.2025	959,66	959,66	959,66	959,66	0
14.05.2025	959,54	959,54	959,54	959,54	0
13.05.2025	965,56	965,56	965,56	965,56	0
12.05.2025	954,46	954,46	954,46	954,46	0
09.05.2025	955,84	955,84	955,84	955,84	0
08.05.2025	949,47	949,47	949,47	949,47	0
07.05.2025	946,63	946,63	946,63	946,63	0
06.05.2025	948,64	948,64	948,64	948,64	0
05.05.2025	950,93	950,93	950,93	950,93	0
02.05.2025	951,15	951,15	951,15	951,15	0
30.04.2025	945,62	945,62	945,62	945,62	0
29.04.2025	942,43	942,43	942,43	942,43	0
28.04.2025	945,59	945,59	945,59	945,59	0
25.04.2025	944,16	944,16	944,16	944,16	0
24.04.2025	948,80	948,80	948,80	948,80	0
23.04.2025	942,22	942,22	942,22	942,22	0
22.04.2025	936,30	936,30	936,30	936,30	0
17.04.2025	943,42	943,42	943,42	943,42	0
16.04.2025	951,63	951,63	951,63	951,63	0
15.04.2025	946,92	946,92	946,92	946,92	0
14.04.2025	944,49	944,49	944,49	944,49	0
11.04.2025	956,09	956,09	956,09	956,09	0
10.04.2025	974,45	974,45	974,45	974,45	0
09.04.2025	974,01	974,01	974,01	974,01	0
08.04.2025	978,03	978,03	978,03	978,03	0
07.04.2025	965,06	965,06	965,06	965,06	0
04.04.2025	965,06	965,06	965,06	965,06	0
03.04.2025	981,74	981,74	981,74	981,74	0
02.04.2025	987,10	987,10	987,10	987,10	0
01.04.2025	985,10	985,10	985,10	985,10	0
31.03.2025	990,61	990,61	990,61	990,61	0
28.03.2025	993,08	993,08	993,08	993,08	0
27.03.2025	996,56	996,56	996,56	996,56	0
26.03.2025	993,92	993,92	993,92	993,92	0
25.03.2025	993,57	993,57	993,57	993,57	0
24.03.2025	993,62	993,62	993,62	993,62	0
21.03.2025	990,93	990,93	990,93	990,93	0
20.03.2025	986,37	986,37	986,37	986,37	0
19.03.2025	987,02	987,02	987,02	987,02	0
18.03.2025	987,02	987,02	987,02	987,02	0
17.03.2025	989,01	989,01	989,01	989,01	0
14.03.2025	811,23	811,23	811,23	811,23	0
13.03.2025	987,34	987,34	987,34	987,34	0
12.03.2025	987,34	987,34	987,34	987,34	0
11.03.2025	991,65	991,65	991,65	991,65	0
10.03.2025	991,72	991,72	991,72	991,72	0
07.03.2025	993,67	993,67	993,67	993,67	0
06.03.2025	989,95	989,95	989,95	989,95	0
05.03.2025	998,61	998,61	998,61	998,61	0
04.03.2025	1.006,17	1.006,17	1.006,17	1.006,17	0
03.03.2025	1.006,85	1.006,85	1.006,85	1.006,85	0
28.02.2025	1.006,85	1.006,85	1.006,85	1.006,85	0
27.02.2025	1.006,85	1.006,85	1.006,85	1.006,85	0
26.02.2025	1.004,23	1.004,23	1.004,23	1.004,23	0
25.02.2025	1.006,85	1.006,85	1.006,85	1.006,85	0
24.02.2025	1.006,85	1.006,85	1.006,85	1.006,85	0
21.02.2025	1.004,53	1.004,53	1.004,53	1.004,53	0
20.02.2025	1.009,03	1.009,03	1.009,03	1.009,03	0
19.02.2025	1.003,87	1.003,87	1.003,87	1.003,87	0
18.02.2025	1.001,85	1.001,85	1.001,85	1.001,85	0
17.02.2025	1.000,38	1.000,38	1.000,38	1.000,38	0
14.02.2025	1.001,66	1.001,66	1.001,66	1.001,66	0
13.02.2025	1.006,36	1.006,36	1.006,36	1.006,36	0
12.02.2025	1.007,68	1.007,68	1.007,68	1.007,68	0
11.02.2025	1.011,19	1.011,19	1.011,19	1.011,19	0
10.02.2025	1.009,85	1.009,85	1.009,85	1.009,85	0
07.02.2025	1.006,43	1.006,43	1.006,43	1.006,43	0
06.02.2025	1.005,40	1.005,40	1.005,40	1.005,40	0
05.02.2025	1.006,79	1.006,79	1.006,79	1.006,79	0
04.02.2025	1.009,11	1.009,11	1.009,11	1.009,11	0
03.02.2025	1.003,20	1.003,20	1.003,20	1.003,20	0
31.01.2025	999,46	999,46	999,46	999,46	0
30.01.2025	997,64	997,64	997,64	997,64	0
29.01.2025	997,02	997,02	997,02	997,02	0
28.01.2025	992,35	992,35	992,35	992,35	0
27.01.2025	992,25	992,25	992,25	992,25	0
24.01.2025	997,49	997,49	997,49	997,49	0
23.01.2025	997,96	997,96	997,96	997,96	0
22.01.2025	1.000,02	1.000,02	1.000,02	1.000,02	0
21.01.2025	1.000,85	1.000,85	1.000,85	1.000,85	0
20.01.2025	1.010,60	1.010,60	1.010,60	1.010,60	0
17.01.2025	1.008,88	1.008,88	1.008,88	1.008,88	0
16.01.2025	1.009,81	1.009,81	1.009,81	1.009,81	0
15.01.2025	1.010,54	1.010,54	1.010,54	1.010,54	0
14.01.2025	1.002,10	1.002,10	1.002,10	1.002,10	0
13.01.2025	1.002,10	1.002,10	1.002,10	1.002,10	0
10.01.2025	999,84	999,84	999,84	999,84	0
09.01.2025	999,05	999,05	999,05	999,05	0
08.01.2025	999,98	999,98	999,98	999,98	0
07.01.2025	998,95	998,95	998,95	998,95	0
06.01.2025	998,50	998,50	998,50	998,50	0
03.01.2025	1.002,58	1.002,58	1.002,58	1.002,58	0
02.01.2025	1.000,57	1.000,57	1.000,57	1.000,57	0
30.12.2024	998,09	998,09	998,09	998,09	0
27.12.2024	998,39	998,39	998,39	998,39	0
23.12.2024	998,39	998,39	998,39	998,39	0
20.12.2024	998,52	998,52	998,52	998,52	0
19.12.2024	998,57	998,57	998,57	998,57	0
18.12.2024	998,61	998,61	998,61	998,61	0
17.12.2024	998,66	998,66	998,66	998,66	0
16.12.2024	998,70	998,70	998,70	998,70	0
13.12.2024	998,83	998,83	998,83	998,83	0
12.12.2024	998,88	998,88	998,88	998,88	0
11.12.2024	998,92	998,92	998,92	998,92	0
10.12.2024	999,01	999,01	999,01	999,01	0
09.12.2024	999,14	999,14	999,14	999,14	0
06.12.2024	999,14	999,14	999,14	999,14	0
05.12.2024	999,18	999,18	999,18	999,18	0
04.12.2024	999,23	999,23	999,23	999,23	0
03.12.2024	999,99	999,99	999,99	999,99	0
02.12.2024	1.003,30	1.003,30	1.003,30	1.003,30	100
29.11.2024	996,92	996,92	996,92	996,92	0
28.11.2024	996,92	996,92	996,92	996,92	0
27.11.2024	997,31	997,31	997,31	997,31	0
26.11.2024	1.000,45	1.000,45	1.000,45	1.000,45	20
25.11.2024	997,40	997,40	997,40	997,40	0
22.11.2024	997,96	997,96	997,96	997,96	0
21.11.2024	997,96	997,96	997,96	997,96	0
20.11.2024	998,01	998,01	998,01	998,01	0
19.11.2024	998,05	998,05	998,05	998,05	0
18.11.2024	998,10	998,10	998,10	998,10	0
15.11.2024	998,23	998,23	998,23	998,23	0
14.11.2024	998,27	998,27	998,27	998,27	0
13.11.2024	998,31	998,31	998,31	998,31	0
12.11.2024	998,36	998,36	998,36	998,36	0
11.11.2024	998,53	998,53	998,53	998,53	0
08.11.2024	998,53	998,53	998,53	998,53	0
07.11.2024	1.000,00	1.000,00	1.000,00	1.000,00	0
06.11.2024	1.000,00	1.000,00	1.000,00	1.000,00	0
05.11.2024	1.000,00	1.000,00	1.000,00	1.000,00	0
04.11.2024	1.000,00	1.000,00	1.000,00	1.000,00	0
01.11.2024	1.000,00	1.000,00	1.000,00	1.000,00	0
31.10.2024	1.000,00	1.000,00	1.000,00	1.000,00	0
30.10.2024	1.000,00	1.000,00	1.000,00	1.000,00	0
29.10.2024	1.000,00	1.000,00	1.000,00	1.000,00	0
28.10.2024	1.000,00	1.000,00	1.000,00	1.000,00	0
25.10.2024	1.000,00	1.000,00	1.000,00	1.000,00	0
24.10.2024	1.000,00	1.000,00	1.000,00	1.000,00	0